1.25
2.25
1.50
2.50
1.50
1.25
2.50
1.50
2.75
1.00
2.50
2.25
1.50
1.50
1.25
3.00
2.75
1.50
1.25
4.00
1.00
2.50
2.50
1.25
2.25
1.25
1.50
1.50
2.75
1.00
2.50
1.25
2.50
1.50
5.00
1.50
5.00
2.50
1.50
1.50
1.50
1.25
2.25
1.50
3.00
2.75
1.25
2.50
2.50
1.50
1.25
4.00
1.50
2.25
1.00
2.50
1.50
1.25
4.00
1.50
5.00
3.00
2.50
1.50
1.50
2.75
1.25
2.50
2.00
1.50
5.00
2.25
1.25
2.50
3.00
1.50
1.00
2.75
1.25
3.00
1.25
1.00
2.50
2.25
2.00
1.50
1.50
2.50
1.50
2.75
1.25
2.50
2.25
2.50
1.50
2.75
1.50
3.00
2.25
1.00
2.50
1.25
2.00
4.00
1.50
2.50
1.25
1.50
2.75
1.50
2.50
1.00
2.00
1.50
1.50
1.00
3.00
2.25
2.00
2.75
1.50
1.25
1.25
2.75
2.50
1.50
3.00
1.00
5.00
2.25
1.25
3.00
1.50
2.00
2.50
1.00
2.25
2.50
1.50
1.25
2.50
1.50
1.50
1.50
1.25
2.50
1.00
2.00
1.50
2.25
2.50
2.25
1.50
2.75
2.50
1.25
2.50
1.25
1.50
1.25
2.00
1.00
2.75
2.25
2.50
1.50
1.50
1.00
1.75
3.00
2.75
1.50
2.00
1.50
1.25
2.25
2.50
2.25
1.25
1.50
2.50
1.00
1.50
1.50
1.00
1.25
2.25
2.50
2.00
2.75
2.25
1.50
2.50
2.50
2.50
1.50
1.25
1.00
1.50
4.00
2.25
1.25
2.50
1.25
1.50
2.00
1.00
2.50
2.25
1.50
2.50
2.75
1.00
1.25
1.50
1.25
2.25
2.00
2.50
1.50
2.50
1.50
2.25
1.00
1.25
1.00
2.75
2.00
1.50
2.25
3.00
1.25
1.50
2.50
2.25
1.25
4.00
2.00
1.50
2.50
1.50
1.50
1.00
2.25
1.25
2.50
2.75
1.25
2.00
1.50
4.00
1.50
2.00
1.00
2.25
1.50
1.50
2.50
2.00
2.75
1.25
2.25
2.50
1.50
1.50
1.00
1.50
